v2.0 raw
6a000000 
00000000
00000000
00000000
00000000

61000000 
00000000
00000000
00000000
00000000

62000000 
00000000
00000000
00000000
00000000

6f000002 
00000000
00000000
00000000
00000000

6b000000 
00000000
00000000
00000000
00000000

6c000004 
00000000
00000000
00000000
00000000

6d000008 
00000000
00000000
00000000
00000000
          # loop_i
50af02bc  # bge $s0, $t8, loop_i_final
00000000
00000000
00000000
00000000

61000000 
00000000
00000000
00000000
00000000
          # loop_j
501f0294  # bge $s1, $t8, loop_j_final
00000000
00000000
00000000
00000000

62000000 
00000000
00000000
00000000
00000000

63000000 
00000000
00000000
00000000
00000000

29af0000 
00000000
00000000
00000000
00000000

09910000 
00000000
00000000
00000000
00000000

0ed90000 
00000000
00000000
00000000
00000000

700e0000 
00000000
00000000
00000000
00000000
          # loop_k
502f0244  # bge $s2, $t8, loop_k_final
00000000
00000000
00000000
00000000

28af0000 
00000000
00000000
00000000
00000000

08820000 
00000000
00000000
00000000
00000000

0eb80000 
00000000
00000000
00000000
00000000

840e0000 
00000000
00000000
00000000
00000000

272f0000 
00000000
00000000
00000000
00000000

07710000 
00000000
00000000
00000000
00000000

0ec70000 
00000000
00000000
00000000
00000000

850e0000 
00000000
00000000
00000000
00000000

26450000 
00000000
00000000
00000000
00000000

03360000 
00000000
00000000
00000000
00000000

32020001 
00000000
00000000
00000000
00000000
             
40000140  # j loop_k
00000000
00000000
00000000
00000000
	  # loop_k_final
0ed90000 
00000000
00000000
00000000
00000000

703e0000 
00000000
00000000
00000000
00000000

31010001 
00000000
00000000
00000000
00000000

400000b4  # j loop_j
00000000
00000000
00000000
00000000
	  # loop_j_final
3a0a0001 
00000000
00000000
00000000
00000000
         
4000008c  # j loop_i
00000000
00000000
00000000
00000000
          # loop_i_final                                      